% Model:              task3.mph
% Version:            COMSOL 5.4.0.225
% Date:               Jul 20 2019, 14:11
% Dimension:          2
% Nodes:              262
% Expressions:        11
% Description:        Dependent variable u
% Length unit:        m
% X                       Y                        u (K) @ t=0              u (K) @ t=0.1            u (K) @ t=0.2            u (K) @ t=0.3            u (K) @ t=0.4            u (K) @ t=0.5            u (K) @ t=0.6            u (K) @ t=0.7            u (K) @ t=0.8            u (K) @ t=0.9            u (K) @ t=1
0.004316248170151744      0.004514940139254038     350.7568329245423        391.7165967164078        391.71659671256697       391.7165967123763        391.7165967118541        391.7165967119764        391.7165967118628        391.71659671191384       391.7165967118818        391.7165967118987        391.7165967118893
0                         0.006666666666666665     400                      400                      400                      400                      400                      400                      400                      400                      400                      400                      400
0                         0                        400                      400                      400                      400                      400                      400                      400                      400                      400                      400                      400
0.00666666666666701       0                        349.80990476172434       387.2458882964501        387.2458882905428        387.2458882902495        387.2458882894464        387.2458882896346        387.24588828945974       387.2458882895384        387.24588828948896       387.2458882895151        387.2458882895005
0.004935265308140453      0.010040085239637606     350.2265032068498        390.44705954327765       390.4470595388902        390.44705953867236       390.447059538076         390.44705953821557       390.4470595380858        390.4470595381444        390.44705953810745       390.44705953812695       390.4470595381162
0                         0.01333333333333333      400                      400                      400                      400                      400                      400                      400                      400                      400                      400                      400
0.013333333333333653      0                        349.99848671800436       374.61458638173934       374.6145863701822        374.6145863696085        374.61458636803735       374.61458636840536       374.61458636806327       374.61458636821754       374.6145863681207        374.61458636817196       374.61458636814314
0.009979294284912246      0.0058679420813942396    350.0535675795808        380.87618984187577       380.87618983311353       380.8761898326784        380.8761898314873        380.8761898317662        380.87618983150696       380.8761898316238        380.8761898315502        380.87618983158916       380.87618983156744
0.005168839314067497      0.016626616298040044     349.9099643448648        389.80015312237725       389.8001531177845        389.8001531175565        389.8001531169321        389.8001531170784        389.8001531169425        389.8001531170039        389.8001531169653        389.8001531169857        389.80015311697434
0                         0.019999999999999993     400                      400                      400                      400                      400                      400                      400                      400                      400                      400                      400
0.01685594197383775       0.005362722805701365     350.0029002629315        367.93314442498405       367.933144410631         367.9331444099184        367.9331444079673        367.9331444084243        367.9331444079994        367.9331444081909        367.9331444080708        367.9331444081344        367.9331444080986
0.020000000000000295      0                        350.0005247314576        362.22135116975375       362.22135115305167       362.22135115222244       362.2213511499521        362.22135115048394       362.2213511499893        362.22135115021234       362.2213511500727        362.2213511501466        362.2213511501049
0.005298939523752645      0.023282141214684447     349.7758459090698        389.22758412764034       389.2275841229338        389.2275841227001        389.22758412206036       389.2275841222103        389.227584122071         389.2275841221339        389.22758412209447       389.2275841221153        389.22758412210356
0                         0.026666666666666658     400                      400                      400                      400                      400                      400                      400                      400                      400                      400                      400
0.00530195739696648       0.029954346798721842     349.75660843858947       388.77168058436183       388.7716805796536        388.77168057942          388.77168057878          388.7716805789298        388.7716805787904        388.7716805788534        388.7716805788139        388.7716805788346        388.77168057882295
0                         0.03333333333333332      400                      400                      400                      400                      400                      400                      400                      400                      400                      400                      400
0.02348666312751956       0.005346059646722961     350.0001139409065        355.7436416332387        355.7436416141236        355.74364161317453       355.7436416105764        355.743641611185         355.74364161061885       355.74364161087396       355.7436416107143        355.743641610799         355.7436416107511
0.02666666666666694       0                        350.00003959622904       350.17123332407874       350.17123330296107       350.17123330191254       350.1712332990423        350.17123329971463       350.171233299089         350.17123329937107       350.17123329919474       350.1712332992881        350.17123329923515
0.0053164595062572305     0.03664451234453622      349.7409629208368        388.1280239292436        388.1280239245238        388.1280239242896        388.1280239236481        388.12802392379825       388.12802392365853       388.1280239237216        388.12802392368206       388.128023923703         388.12802392369105
0                         0.03999999999999998      400                      400                      400                      400                      400                      400                      400                      400                      400                      400                      400
0.030043646691559872      0.005422318000885853     350.00000656860897       344.07105437584306       344.07105435283034       344.0710543516879        344.0710543485598        344.0710543492926        344.0710543486109        344.07105434891815       344.0710543487258        344.0710543488278        344.07105434877
0.03333333333333358       0                        350.00000187252505       338.55258412639404       338.55258410178305       338.55258410056103       338.5525840972158        338.55258409799944       338.55258409727037       338.5525840975989        338.55258409739326       338.55258409750235       338.5525840974406
0.0053518752524200726     0.0433698829891199       349.6965096961581        387.2230022418207        387.22300223707106       387.22300223683516       387.2230022361894        387.2230022363406        387.2230022362002        387.2230022362635        387.22300223622375       387.22300223624484       387.2230022362328
0                         0.04666666666666664      400                      400                      400                      400                      400                      400                      400                      400                      400                      400                      400
0.0054827963019571995     0.05013051248391587      349.6000373351381        385.77839798813187       385.77839798326835       385.77839798302676       385.7783979823657        385.7783979825206        385.7783979823767        385.7783979824416        385.7783979824008        385.7783979824222        385.77839798241
0                         0.0533333333333333       400                      400                      400                      400                      400                      400                      400                      400                      400                      400                      400
0.03665921813979187       0.005397252825883402     350.00000041491353       332.76623023015003       332.7662302041911        332.76623020290225       332.76623019937375       332.76623020020037       332.7662301994312        332.7662301997777        332.7662301995608        332.7662301996759        332.7662301996108
0.04000000000000023       0                        350.0000000853576        327.4342135470581        327.43421352002895       327.4342135186869        327.4342135150129        327.4342135158736        327.4342135150728        327.43421351543356       327.4342135152077        327.4342135153275        327.4342135152596
0.005497332260288711      0.05671996122567632      349.59030732859634       384.24319368138316       384.2431936765078        384.24319367626566       384.24319367560287       384.24319367575805       384.2431936756139        384.2431936756789        384.24319367563834       384.2431936756597        384.24319367564743
0                         0.05999999999999997      400                      400                      400                      400                      400                      400                      400                      400                      400                      400                      400
0.005385670868916232      0.06307021704607686      349.5978577335123        382.5915167169691        382.59151671219274       382.59151671195553       382.59151671130616       382.59151671145827       382.59151671131696       382.59151671138073       382.59151671134094       382.591516711362         382.59151671134987
0                         0.06666666666666662      400                      400                      400                      400                      400                      400                      400                      400                      400                      400                      400
0.04330964785156244       0.00537892352213806      350.0000000217232        321.9317751092221        321.9317750814271        321.9317750800471        321.93177507626905       321.93177507715404       321.93177507633055       321.93177507670157       321.93177507646936       321.93177507659243       321.9317750765226
0.04666666666666687       0                        350.00000000357767       316.86312234908814       316.8631223208218        316.8631223194184        316.86312231557633       316.86312231647634       316.86312231563875       316.8631223160162        316.86312231578          316.8631223159051        316.8631223158341
0.006009016747756525      0.06998156160712417      349.51909612364403       376.9902292884614        376.99022928313946       376.9902292828752        376.99022928215163       376.9902292823212        376.99022928216385       376.9902292822347        376.9902292821903        376.99022928221353       376.9902292822002
0                         0.07333333333333329      400                      400                      400                      400                      400                      400                      400                      400                      400                      400                      400
0.004575631330052239      0.07569730718209619      350.1179719192069        378.088690750798         378.0886907467357        378.08869074653404       378.0886907459817        378.0886907461112        378.08869074599096       378.0886907460451        378.0886907460112        378.088690746029         378.0886907460188
0                         0.08                     400                      400                      400                      400                      400                      400                      400                      400                      400                      400                      400
0.049972380039842834      0.005375995294563964     349.99999999789605       311.64488033362437       311.6448803052021        311.6448803037909        311.6448802999276        311.64488030083265       311.64488029999046       311.64488030036995       311.64488030013246       311.6448803002581        311.6448803001867
0.05333333333333351       0                        349.9999999867082        306.86311672042893       306.8631166921606        306.8631166907571        306.8631166869148        306.86311668781497       306.8631166869772        306.8631166873547        306.86311668711846       306.86311668724346       306.8631166871723
0.056648816730625086      0.005390298486157539     349.99999993658315       301.91861711450633       301.9186170866997        301.9186170853191        301.9186170815396        301.91861708242504       301.91861708160087       301.9186170819722        301.9186170817399        301.9186170818629        301.9186170817929
0.06000000000000016       0                        349.9999997236219        297.4341998800536        297.43419985301875       297.43419985167645       297.43419984800187       297.4341998488628        297.4341998480615        297.43419984842257       297.43419984819667       297.4341998483161        297.4341998482481
0.006666666666666665      0.08000000000000002      346.94206954007205       362.12936516361765       362.12936515772185       362.129365157429         362.12936515662733       362.12936515681514       362.12936515664074       362.1293651567193        362.1293651566702        362.129365156696         362.12936515668116
0.06332522165594076       0.0053919950970947985    349.99999883076526       292.7648927973114        292.7648927713396        292.76489277005004       292.76489276651995       292.764892767347         292.764892766577         292.7648927669239        292.7648927667071        292.7648927668219        292.7648927667565
0.0666666666666668        0                        349.99999447282386       288.55257032111746       288.5525702964982        288.5525702952757        288.55257029192944       288.5525702927135        288.55257029198356       288.55257029231245       288.55257029210696       288.5525702922157        288.5525702921538
0.0699988807883457        0.005358182682799848     349.9999805238148        284.1523354913756        284.15233546837595       284.152335467234         284.15233546410786       284.15233546484023       284.15233546415834       284.1523354644655        284.1523354642736        284.1523354643753        284.15233546431733
0.07333333333333344       0                        349.9999071551797        280.1712347335047        280.17123471237727       280.1712347113281        280.17123470845655       280.1712347091293        280.1712347085028        280.17123470878516       280.1712347086089        280.17123470870234       280.17123470864914
0.010202473235838002      0.07517164097002349      349.8601016712524        355.84495985517384       355.84495984623896       355.8449598457953        355.8449598445806        355.8449598448651        355.84495984460074       355.8449598447199        355.8449598446453        355.84495984468464       355.84495984466224
0.01333333333333333       0.08000000000000002      347.1789832135237        336.13360941709306       336.13360940555816       336.1336094049854        336.1336094034172        336.1336094037844        336.13360940344313       336.1336094035969        336.13360940350077       336.1336094035516        336.1336094035226
0.07666973280782176       0.005300180071560248     349.99967007803997       276.0199474814336        276.01994746241235       276.0199474614678        276.01994745888237       276.0199474594881        276.01994745892415       276.0199474591782        276.0199474590195        276.01994745910366       276.0199474590558
0.08000000000000008       0                        349.99918285661306       272.2213409225725        272.2213409058612        272.2213409050313        272.22134090275983       272.22134090329206       272.22134090279644       272.22134090301967       272.2213409028803        272.22134090295424       272.22134090291223
0.0833222742229203        0.0051546991831758395    349.99418023664884       268.3057885507163        268.30578853649234       268.3057885357859        268.3057885338524        268.3057885343055        268.3057885338837        268.3057885340736        268.30578853395497       268.30578853401806       268.30578853398214
0.08666666666666673       0                        350.0089066890248        264.61448152035143       264.6144815087871        264.6144815082128        264.6144815066409        264.61448150700926       264.6144815066662        264.6144815068207        264.6144815067242        264.6144815067754        264.61448150674636
0.016486485045922265      0.07463341036075895      349.8466719065519        335.12722072485946       335.1272207108184        335.1272207101211        335.1272207082124        335.1272207086594        335.12722070824384       335.12722070843114       335.12722070831416       335.1272207083761        335.12722070834076
0.019999999999999997      0.08000000000000002      347.22164974851506       314.7044006774071        314.70440066073695       314.7044006599093        314.7044006576431        314.70440065817377       314.7044006576803        314.7044006579026        314.70440065776376       314.70440065783737       314.70440065779536
0.0899274224788188        0.004943845174680131     349.96207928808593       260.9372923240108        260.93729231516363       260.9372923147242        260.93729231352154       260.9372923138034        260.93729231354104       260.9372923136591        260.93729231358526       260.9372923136245        260.9372923136021
0.09333333333333337       0                        350.44622080368964       257.24604588424666       257.24604587833534       257.24604587804174       257.2460458772383        257.2460458774265        257.2460458772512        257.2460458773302        257.24604587728084       257.246045877307         257.24604587729203
0.09547566685964519       0.004342039045011712     349.31289004530174       254.89238009479408       254.89238009076652       254.8923800905665        254.892380090019         254.8923800901473        254.89238009002787       254.89238009008167       254.89238009004802       254.89238009006584       254.89238009005572
0.1                       0                        250                      250                      250                      250                      250                      250                      250                      250                      250                      250                      250
0.02315877460595164       0.07453451669664185      349.84855335002544       315.71726835975136       315.717268340889         315.71726833995257       315.71726833738836       315.71726833798886       315.71726833743054       315.7172683376821        315.7172683375251        315.71726833760835       315.7172683375608
0.02666666666666666       0.08000000000000002      347.2268143314686        296.38480010027604       296.38480007919844       296.384800078152         296.3848000752867        296.3848000759577        296.38480007533377       296.3848000756149        296.38480007543933       296.3848000755324        296.3848000754794
0.1                       0.00666666666666652      249.99999999999997       249.99999999999997       249.99999999999997       249.99999999999997       249.99999999999997       249.99999999999997       249.99999999999997       249.99999999999997       249.99999999999997       249.99999999999997       249.99999999999997
0.029856062288253007      0.07451153618388939      349.84850004611104       298.73401845865914       298.7340184357877        298.7340184346522        298.7340184315431        298.7340184322711        298.73401843159405       298.7340184318992        298.73401843170865       298.7340184318096        298.7340184317522
0.033333333333333326      0.08000000000000002      347.2268295469864        280.5158770412415        280.5158770166772        280.5158770154578        280.5158770121184        280.5158770129003        280.5158770121732        280.5158770125008        280.5158770122961        280.51587701240464       280.5158770123429
0.1                       0.013333333333333199     249.99999999999997       249.99999999999997       249.99999999999997       249.99999999999997       249.99999999999997       249.99999999999997       249.99999999999997       249.99999999999997       249.99999999999997       249.99999999999997       249.99999999999997
0.09411787684701878       0.010099485512433977     350.8771108565506        256.2636464574537        256.26364645223003       256.2636464519706        256.2636464512605        256.26364645142695       256.2636464512721        256.26364645134186       256.26364645129826       256.26364645132134       256.2636464513082
0.03655923499525783       0.07453852525423767      349.8490824902892        283.86425315784976       283.8642531319752        283.86425313069077       283.8642531271733        283.86425312799696       283.86425312723094       283.864253127576         283.86425312736037       283.86425312747474       283.8642531274097
0.039999999999999994      0.08000000000000002      347.2245313386714        266.752971207687         266.7529711807089        266.75297117936975       266.7529711757022        266.75297117656095       266.7529711757624        266.7529711761221        266.75297117589724       266.75297117601656       266.75297117594874
0.09458720706802777       0.017029640261973827     350.8052508050671        255.54211607405333       255.5421160692425        255.54211606900353       255.5421160683496        255.5421160685028        255.54211606836023       255.54211606842452       255.54211606838433       255.54211606840553       255.54211606839343
0.1                       0.01999999999999988      249.99999999999997       249.99999999999997       249.99999999999997       249.99999999999997       249.99999999999997       249.99999999999997       249.99999999999997       249.99999999999997       249.99999999999997       249.99999999999997       249.99999999999997
0.04329341608192793       0.0745970264036251       349.8499467215395        270.8657003623152        270.86570033457434       270.86570033319725       270.86570032942603       270.86570033030904       270.86570032948794       270.8657003298579        270.8657003296266        270.86570032974936       270.86570032967956
0.04666666666666666       0.08000000000000002      347.2195621346071        254.9121492627803        254.91214923456712       254.91214923316667       254.91214922933128       254.91214923022915       254.91214922939412       254.9121492297704        254.91214922953517       254.91214922966006       254.91214922958912
0.0945714592742702        0.023477113988333978     350.7287737614242        255.23904995708554       255.2390499522617        255.2390499520221        255.23904995136652       255.23904995152017       255.23904995137715       255.23904995144153       255.23904995140126       255.23904995142263       255.23904995141046
0.1                       0.02666666666666656      249.99999999999997       249.99999999999997       249.99999999999997       249.99999999999997       249.99999999999997       249.99999999999997       249.99999999999997       249.99999999999997       249.99999999999997       249.99999999999997       249.99999999999997
0.04993969437462259       0.07456916172195795      349.8485760268182        260.03200159089425       260.0320015625241        260.0320015611158        260.0320015572592        260.0320015581621        260.0320015573224        260.03200155770077       260.0320015574642        260.0320015575898        260.0320015575184
0.05333333333333332       0.08000000000000002      347.22324519097066       244.91215992223502       244.91215989401977       244.9121598926191        244.91215988878355       244.9121598896816        244.91215988884633       244.91215988922264       244.9121598889874        244.91215988911236       244.91215988904148
0.09455482139858438       0.030059852129877777     350.7466386735907        254.7962981668235        254.7962981619862        254.79629816174585       254.79629816108834       254.79629816124233       254.79629816109903       254.7962981611636        254.7962981611232        254.79629816114456       254.7962981611324
0.1                       0.033333333333333236     249.99999999999997       249.99999999999997       249.99999999999997       249.99999999999997       249.99999999999997       249.99999999999997       249.99999999999997       249.99999999999997       249.99999999999997       249.99999999999997       249.99999999999997
0.05659538082088553       0.07452017913527603      349.8479688025963        251.0188349218222        251.01883489405677       251.01883489267837       251.01883488890408       251.01883488978783       251.0188348889658        251.0188348893361        251.01883488910457       251.01883488922752       251.01883488915772
0.05999999999999999       0.08000000000000002      347.2264431934816        236.75301628158124       236.7530162545972        236.75301625325764       236.75301624958965       236.7530162504485        236.7530162496496        236.75301625000952       236.75301624978445       236.75301624990394       236.75301624983612
0.09458493858220089       0.03669413000815921      350.7005144140223        254.1484656129039        254.14846560809414       254.14846560785517       254.14846560720153       254.14846560735467       254.14846560721227       254.14846560727645       254.14846560723626       254.14846560725746       254.1484656072453
0.1                       0.03999999999999992      249.99999999999997       249.99999999999997       249.99999999999997       249.99999999999997       249.99999999999997       249.99999999999997       249.99999999999997       249.99999999999997       249.99999999999997       249.99999999999997       249.99999999999997
0.06324859370067429       0.07449038284722247      349.8476568283882        243.80812899705572       243.8081289711038        243.80812896981539       243.80812896628768       243.80812896711373       243.80812896634538       243.8081289666916        243.8081289664751        243.80812896658995       243.80812896652466
0.06666666666666665       0.08000000000000002      347.2264502107045        230.51602759852764       230.51602757395446       230.51602757273452       230.5160275693942        230.51602757017636       230.51602756944882       230.5160275697767        230.51602756957175       230.51602756968046       230.51602756961873
0.0946245971461605        0.0433403487868863       350.63016380937          253.29743065091387       253.29743064614016       253.29743064590312       253.29743064525428       253.29743064540625       253.297430645265         253.29743064532872       253.29743064528887       253.29743064530996       253.2974306452978
0.1                       0.0466666666666666       249.99999999999997       249.99999999999997       249.99999999999997       249.99999999999997       249.99999999999997       249.99999999999997       249.99999999999997       249.99999999999997       249.99999999999997       249.99999999999997       249.99999999999997
0.06986212121867756       0.07448121264402317      349.84686362436014       238.53442006972315       238.53442004669435       238.5344200455511        238.5344200424207        238.53442004315374       238.5344200424719        238.5344200427792        238.53442004258707       238.534420042689         238.53442004263107
0.07333333333333332       0.08000000000000002      347.2221430955572        226.38509802787098       226.38509800678318       226.3850980057363        226.3850980028698        226.38509800354106       226.3850980029166        226.38509800319807       226.38509800302214       226.38509800311536       226.38509800306255
0.09465557925820182       0.04998678143145441      350.569676833334         252.19524602910187       252.1952460243565        252.1952460241209        252.19524602347587       252.19524602362688       252.19524602348653       252.1952460235498        252.1952460235102        252.1952460235312        252.19524602351922
0.09999999999999999       0.05333333333333328      249.99999999999997       249.99999999999997       249.99999999999997       249.99999999999997       249.99999999999997       249.99999999999997       249.99999999999997       249.99999999999997       249.99999999999997       249.99999999999997       249.99999999999997
0.07639620774689641       0.07451250708285934      349.8464423862669        235.35907384555279       235.35907382638592       235.3590738254343        235.35907382282895       235.3590738234391        235.35907382287152       235.35907382312735       235.35907382296747       235.35907382305223       235.35907382300414
0.07999999999999999       0.08000000000000002      347.21488746729455       224.70410520881822       224.70410519213826       224.70410519131005       224.7041051890427        224.70410518957374       224.70410518907985       224.7041051893024        224.70410518916324       224.70410518923714       224.70410518919525
0.0946808134025824        0.056640318654458226     350.5007122191832        250.7277023768219        250.72770237209974       250.72770237186523       250.7277023712234        250.72770237137368       250.7277023712339        250.727702371297         250.7277023712576        250.72770237127853       250.72770237126656
0.1                       0.05999999999999997      249.99999999999997       249.99999999999997       249.99999999999997       249.99999999999997       249.99999999999997       249.99999999999997       249.99999999999997       249.99999999999997       249.99999999999997       249.99999999999997       249.99999999999997
0.08283813794011936       0.07451467566799219      349.8439565990293        234.6849693695772        234.6849693550071        234.68496935428365       234.68496935230317       234.684969352767         234.68496935233563       234.68496935253003       234.68496935240856       234.68496935247302       234.6849693524364
0.08666666666666666       0.08000000000000002      347.2651535426599        226.1291537707397        226.12915375919707       226.12915375862386       226.12915375705487       226.1291537574224        226.12915375708056       226.12915375723455       226.12915375713837       226.12915375718947       226.12915375716045
0.09478477003257457       0.06328904947463744      350.2831891150381        248.70127773998175       248.70127773535185       248.70127773512198       248.7012777344926        248.70127773463994       248.7012777345029        248.70127773456474       248.70127773452614       248.7012777345466        248.70127773453495
0.10000000000000002       0.06666666666666665      249.99999999999997       249.99999999999997       249.99999999999997       249.99999999999997       249.99999999999997       249.99999999999997       249.99999999999997       249.99999999999997       249.99999999999997       249.99999999999997       249.99999999999997
0.0897346794531671        0.07396889928306569      349.72658244715416       238.05282140349203       238.05282139449758       238.05282139405088       238.05282139282824       238.0528213931147        238.0528213928483        238.05282139296833       238.05282139289335       238.05282139293325       238.05282139291052
0.09333333333333332       0.08000000000000002      347.70333168259066       232.12515008973824       232.1251500838379        232.12515008354492       232.12515008274286       232.12515008293073       232.12515008275602       232.12515008283466       232.12515008278547       232.1251500828117        232.12515008279675
0.09497982498926498       0.06987727513407518      349.73947308658313       245.79649207418296       245.79649206972536       245.796492069504         245.79649206889806       245.79649206903994       245.796492068908         245.79649206896747       245.79649206893032       245.79649206895007       245.79649206893876
0.1                       0.07333333333333333      249.99999999999997       249.99999999999997       249.99999999999997       249.99999999999997       249.99999999999997       249.99999999999997       249.99999999999997       249.99999999999997       249.99999999999997       249.99999999999997       249.99999999999997
0.09562132806037485       0.07540957378446095      348.6381990759699        242.39613129238523       242.39613128849356       242.39613128830032       242.3961312877713        242.39613128789523       242.39613128778          242.3961312878319        242.39613128779948       242.39613128781676       242.3961312878069
0.1                       0.08                     250                      250                      250                      250                      250                      250                      250                      250                      250                      250                      250
0.010147210079711224      0.01323101291913731      350.03627528414796       380.2584516462601        380.2584516373558        380.2584516369138        380.25845163570335       380.258451635987         380.25845163572336       380.2584516358422        380.25845163576747       380.25845163580703       380.2584516357851
0.01490620192802988       0.010259630589066364     350.00552028615584       371.34759644025047       371.3475964274261        371.3475964267895        371.3475964250463        371.3475964254546        371.3475964250749        371.347596425246         371.34759642513865       371.3475964251955        371.3475964251636
0.010631606381761647      0.019873118372875906     350.0265854831443        378.8196599535147        378.81965994420244       378.8196599437401        378.8196599424743        378.8196599427708        378.8196599424951        378.81965994261947       378.8196599425415        378.81965994258286       378.8196599425596
0.016640104903938486      0.0163937256290141       350.0052244892608        367.52187983544076       367.5218798212564        367.5218798205521        367.52187981862426       367.52187981907576       367.521879818656         367.5218798188452        367.5218798187265        367.5218798187894        367.5218798187542
0.020466515708059692      0.01067210156774135      350.0006423406269        360.91138042260076       360.91138040556484       360.9113804047192        360.9113804024035        360.9113804029459        360.91138040244135       360.9113804026687        360.9113804025263        360.91138040260176       360.91138040255925
0.010599925670194459      0.02655439397023938      350.02153331875957       378.1361801044796        378.1361800951958        378.1361800947349        378.136180093473         378.1361800937685        378.13618009349375       378.13618009361784       378.1361800935401        378.13618009358123       378.13618009355804
0.01593428640595694       0.023151039289034628     350.00451965198266       367.95818781636734       367.9581878027347        367.95818780205786       367.95818780020494       367.95818780063877       367.9581878002353        367.9581878004173        367.9581878003033        367.95818780036365       367.95818780032965
0.010595708297182226      0.033245784632779156     350.02051581875554       377.1146108230418        377.1146108137638        377.1146108133033        377.11461081204203       377.11461081233733       377.11461081206284       377.11461081218675       377.1146108121091        377.11461081215003       377.11461081212684
0.02074286562133209       0.02108199065563396      350.00040814277503       359.0122171326212        359.01221711539233       359.01221711453695       359.01221711219523       359.0122171127436        359.0122171122335        359.0122171124634        359.01221711231926       359.0122171123958        359.0122171123527
0.023578593892098793      0.016443400896863303     350.00023546855545       354.4761917050192        354.4761916858466        354.47619168489473       354.47619168228863       354.47619168289907       354.47619168233126       354.47619168258717       354.4761916824269        354.4761916825119        354.47619168246393
0.026809079020770638      0.010882191548616851     350.00004831211714       349.33315996079887       349.33315993959803       349.3331599385455        349.33315993566384       349.33315993633886       349.33315993571085       349.3331599359938        349.33315993581664       349.3331599359106        349.3331599358574
0.010648168871663987      0.039965258690763415     350.0188266615357        375.61296657612723       375.6129665668072        375.6129665663445        375.6129665650774        375.61296656537417       375.6129665650985        375.61296656522285       375.61296656514486       375.6129665651861        375.6129665651625
0.01583705601554681       0.029819933513340297     350.00418915701727       366.8787046953025        366.87870468174896       366.87870468107616       366.87870467923386       366.8787046796653        366.8787046792641        366.8787046794451        366.87870467933175       366.8787046793918        366.8787046793579
0.020982671695000555      0.0265521431815863       350.0003903759761        357.39212482467406       357.39212480727815       357.39212480641453       357.39212480405007       357.3921248046037        357.39212480408884       357.392124804321         357.3921248041756        357.39212480425255       357.392124804209
0.015870431392430554      0.03653650621710262      350.00410923945077       365.08050231769533       365.08050230411897       365.080502303445         365.08050230159944       365.0805023020316        365.08050230163          365.0805023018111        365.08050230169755       365.0805023017577        365.0805023017236
0.026428409113721928      0.022707974271961234     350.0000446483109        347.9863170907932        347.9863170698258        347.9863170687849        347.9863170659347        347.9863170666022        347.9863170659815        347.9863170662614        347.986317066086         347.9863170661789        347.98631706612645
0.029974523283069692      0.016542660013064047     350.0000085594838        342.86729580665457       342.8672957836822        342.8672957825416        342.8672957794192        342.8672957801504        342.8672957794701        342.8672957797766        342.8672957795846        342.86729577968646       342.8672957796289
0.033328569206069365      0.010882622155651602     350.00000236308          337.8852638357898        337.88526381118294       337.88526380996115       337.8852638066165        337.88526380739995       337.88526380667105       337.8852638069994        337.8852638067938        337.88526380690286       337.8852638068411
0.010919723135657193      0.046725361201475024     350.0157927871424        373.10634058436034       373.10634057481417       373.1063405743402        373.1063405730425        373.10634057334624       373.10634057306385       373.1063405731913        373.10634057311154       373.1063405731538        373.10634057312967
0.011527965000516307      0.05387214785805533      350.0134104978883        368.82162268745924       368.8216226774066        368.8216226769072        368.8216226755407        368.8216226758608        368.8216226755634        368.8216226756976        368.82162267561364       368.82162267565803       368.82162267563257
0.016184535296241885      0.04329861620592273      350.00429981277733       362.06980432930413       362.0698043154859        362.0698043147999        362.06980431292135       362.0698043133612        362.0698043129524        362.06980431313673       362.0698043130212        362.0698043130824        362.06980431304765
0.021002338521214053      0.03301441755353383      350.0003705804075        355.53259419295836       355.5325941755527        355.5325941746885        355.53259417232243       355.53259417287654       355.53259417236154       355.53259417259375       355.5325941724481        355.5325941725254        355.53259417248177
0.025899985249900434      0.029362670268263367     350.0000278022648        347.1086889766771        347.1086889560352        347.10868895501056       347.1086889522046        347.10868895286166       347.10868895225076       347.10868895252617       347.10868895235353       347.10868895244516       347.1086889523933
0.021192657288247745      0.039897658544419484     350.0003756452759        352.5616617156327        352.5616616980976        352.561661697227         352.5616616948432        352.5616616954016        352.56166169488256       352.56166169511647       352.56166169496987       352.56166169504746       352.56166169500347
0.03066878512297643       0.026952899499996873     350.0000023478624        338.9981872922366        338.9981872689116        338.9981872677536        338.99818726458295       338.99818726532544       338.998187264635         338.99818726494624       338.9981872647512        338.99818726485483       338.99818726479623
0.03321613760684849       0.022028864621576032     350.00000226085484       335.9062066406331        335.90620661608267       335.9062066148637        335.90620661152667       335.90620661230815       335.9062066115812        335.9062066119089        335.90620661170357       335.9062066118126        335.90620661175086
0.03652996654428103       0.016290539151894295     350.0000004337184        331.54654420117225       331.5465441752646        331.5465441739784        331.5465441704569        331.5465441712817        331.5465441705143        331.54654417086016       331.5465441706437        331.5465441707584        331.5465441706934
0.03995498155694313       0.010760771393565148     350.00000010241115       326.78574584466486       326.78574581765037       326.7857458163093        326.78574581263734       326.78574581349744       326.78574581269726       326.7857458130579        326.785745812832         326.78574581295175       326.785745812884
0.010564090241134314      0.060028156252645605     350.01304435308316       368.32732316102425       368.3273231517816        368.32732315132256       368.327323150066         368.32732315036037       368.327323150087         368.3273231502103        368.32732315013317       368.3273231501739        368.32732315015056
0.01024358596431784       0.0650249565243485       349.99701682917953       366.07852925779224       366.0785292488212        366.0785292483757        366.0785292471561        366.07852924744185       366.0785292471766        366.0785292472962        366.0785292472213        366.07852924726086       366.07852924723824
0.016442436018286443      0.04975516049649131      350.00477701501956       358.5362452104769        358.53624519646155       358.53624519576556       358.53624519386034       358.5362451943065        358.5362451938917        358.53624519407873       358.53624519396175       358.5362451940236        358.53624519398835
0.016930653753855343      0.05471444558360026      350.00130755206686       354.44983289132796       354.4498328769384        354.4498328762235        354.44983287426743       354.4498328747258        354.44983287429994       354.44983287449196       354.4498328743718        354.4498328744354        354.449832874399
0.01492097747638233       0.058120719128963216     350.00280861423425       357.39909761692877       357.39909760411217       357.39909760347547       357.39909760173305       357.3990976021413        357.39909760176204       357.3990976019331        357.39909760182616       357.3990976018827        357.3990976018503
0.022097568891509278      0.04686176005003719      350.0004409874042        347.11355061815414       347.11355059999613       347.11355059909454       347.11355059662594       347.1135505972042        347.1135505966668        347.113550596909         347.11355059675725       347.11355059683774       347.1135505967919
0.02632520692751358       0.03592938138775834      350.00003262175886       343.81674085897515       343.81674083807917       343.81674083704183       343.81674083420125       343.8167408348666        343.81674083424815       343.8167408345268        343.8167408343522        343.81674083444483       343.8167408343924
0.03163506281307565       0.03270379246122757      350.00000265027836       335.07349113192976       335.0734911081278        335.0734911069463        335.07349110371064       335.07349110446836       335.07349110376396       335.0734911040813        335.07349110388253       335.07349110398815       335.07349110392835
0.026838667268447122      0.04191435608989312      350.00004012023624       339.8679426756           339.86794265440136       339.86794265334885       339.86794265046706       339.86794265114213       339.86794265051464       339.8679426507974        339.86794265062014       339.86794265071427       339.86794265066095
0.036164330831335675      0.027961195876956186     350.0000002746109        328.8518367179009        328.8518366921376        328.85183669085865       328.8518366873565        328.8518366881767        328.85183668741405       328.8518366877576        328.8518366875424        328.85183668765677       328.8518366875921
0.03627574878447473       0.033277305277600595     350.0000000418678        326.42672647677244       326.4267264509722        326.4267264496913        326.4267264461841        326.42672644700554       326.42672644624184       326.4267264465859        326.42672644637037       326.42672644648485       326.42672644642
0.039530814489022424      0.021717914959378144     350.0000000785108        325.18823762421925       325.18823759733124       325.1882375959962        325.1882375923415        325.1882375931976        325.1882375924013        325.18823759276023       325.1882375925355        325.18823759265456       325.1882375925871
0.043138665927820986      0.016156272208822344     350.0000000212688        320.698522416313         320.69852238855475       320.6985223871766        320.6985223834036        320.6985223842875        320.69852238346533       320.69852238383584       320.69852238360386       320.6985223837268        320.698522383657
0.04660464070612969       0.01073952161881585      350.0000000038874        316.2086972685683        316.20869724031013       316.20869723890706       316.20869723506615       316.20869723596593       316.20869723512874       316.208697235506         316.2086972352699        316.20869723539494       316.208697235324
0.013057718265499707      0.06954357106971391      349.99015770658366       352.9680634041809        352.9680633928697        352.968063392308         352.96806339077017       352.96806339113044       352.968063390796         352.9680633909468        352.96806339085236       352.9680633909022        352.9680633908738
0.01580692677513038       0.06335959897669013      350.0035600250762        350.81995192768505       350.81995191417116       350.8199519134999        350.8199519116627        350.819951912093         350.8199519116933        350.8199519118735        350.81995191176065       350.81995191182034       350.81995191178646
0.02113590221507213       0.05312952232772719      350.00023330492627       345.27089496495995       345.2708949474732        345.27089494660464       345.27089494422745       345.2708949447844        345.2708949442668        345.27089494450007       345.27089494435404       345.2708949444314        345.2708949443873
0.01977525161127531       0.05862924697382473      350.00033094136234       344.31950179565973       344.319501779147         344.3195017783267        344.31950177608195       344.31950177660786       344.31950177611924       344.31950177633956       344.3195017762018        344.31950177627476       344.31950177623315
0.02570746353421976       0.051533761554531085     350.00002889358603       336.00814170505294       336.0081416845461        336.0081416835276        336.00814168073975       336.00814168139294       336.0081416807859        336.0081416810593        336.0081416808882        336.00814168097907       336.0081416809273
0.028541170754414164      0.04733444668960591      350.0000164949536        333.01590717745034       333.0159071552771        333.015907154176         333.01590715116157       333.0159071518678        333.01590715121137       333.01590715150695       333.01590715132187       333.0159071514203        333.0159071513644
0.03138253042419645       0.03868339340921267      350.00000249577306       332.685695002965         332.68569497929224       332.6856949781168        332.68569497489875       332.68569497565267       332.6856949749519        332.6856949752674        332.68569497506957       332.6856949751748        332.68569497511527
0.03484625209589754       0.03647191572709662      350.0000001205329        327.4118344478285        327.4118344225903        327.4118344213373        327.41183441790645       327.4118344187101        327.411834417963         327.41183441829946       327.4118344180886        327.41183441820067       327.4118344181372
0.031682141760054836      0.04328398892578183      350.00000189874527       329.4200031515004        329.4200031276853        329.4200031265029        329.42000312326536       329.42000312402376       329.42000312331874       329.4200031236362        329.42000312343737       329.42000312354304       329.42000312348307
0.03817755882379943       0.03618229979235872      350.0000000079318        321.62919608738036       321.6291960609197        321.629196059606         321.629196056009         321.6291960568515        321.62919605606834       321.62919605642116       321.62919605620016       321.62919605631765       321.629196056251
0.04036771949199751       0.032296399918182644     350.00000001000535       319.8211828633834        319.82118283627256       319.82118283492633       319.82118283124106       319.82118283210434       319.8211828313019        319.8211828316634        319.82118283143683       319.8211828315571        319.8211828314889
0.04290570133022681       0.026840675644314013     350.00000001403527       317.9359061463197        317.9359061186148        317.9359061172391        317.9359061134733        317.9359061143555        317.93590611353505       317.93590611390476       317.9359061136733        317.93590611379597       317.93590611372633
0.04629324510568812       0.021434736482369203     350.0000000026839        314.3745977590507        314.37459773083015       314.37459772942884       314.3745977255929        314.3745977264916        314.37459772565575       314.3745977260324        314.3745977257967        314.37459772592155       314.3745977258506
0.04987029963874379       0.016136939172831193     349.9999999971887        310.26378315998676       310.2637831315692        310.2637831301582        310.26378312629555       310.26378312720044       310.26378312635865       310.26378312673796       310.2637831265004        310.26378312662615       310.26378312655476
0.05329380121988716       0.010760697743608714     349.99999998598656       306.1673204145778        306.1673203863083        306.1673203849047        306.16732038106215       306.1673203819624        306.1673203811247        306.1673203815021        306.16732038126594       306.16732038139094       306.1673203813198
0.05997560640955611       0.010805957877161012     349.99999970567177       296.73930160592585       296.73930157888657       296.739301577544         296.7393015738689        296.73930157472984       296.73930157392834       296.7393015742895        296.73930157406363       296.73930157418323       296.73930157411513
0.019597821824033215      0.06909025797933822      349.997274600308         333.7409647738837        333.7409647575035        333.74096475669006       333.7409647544633        333.7409647549849        333.7409647545001        333.74096475471873       333.74096475458214       333.7409647546545        333.74096475461323
0.022748122356592067      0.06347819001992781      350.00032070566294       332.0130325128318        332.01303249424126       332.01303249331795       332.0130324907907        332.0130324913826        332.01303249083253       332.0130324910806        332.01303249092547       332.0130324910078        332.01303249096094
0.025862039481286642      0.05728275930787853      350.00006495220583       330.78979644088855       330.78979642029054       330.78979641926753       330.78979641646737       330.78979641712334       330.7897964165136        330.7897964167883        330.7897964166164        330.7897964167077        330.78979641665586
0.030552332566253653      0.05298610030024174      350.0000054263251        324.40531567576164       324.40531565251825       324.4053156513639        324.4053156482039        324.40531564894405       324.405315648256         324.40531564856605       324.4053156483721        324.40531564847515       324.40531564841655
0.03467951065173666       0.04739441952546179      350.0000007916705        320.7585571058789        320.7585570807195        320.75855707947017       320.75855707605          320.7585570768512        320.7585570761064        320.75855707644183       320.75855707623174       320.7585570763435        320.75855707627994
0.036968829701479765      0.041093328914735654     350.0000001954982        320.91216332936284       320.91216330331775       320.91216330202457       320.91216329848424       320.9121632993135        320.91216329854245       320.9121632988897        320.91216329867217       320.91216329878785       320.91216329872213
0.04242924404514762       0.037772549124178115     350.0000000071061        313.4786344910355        313.4786344634386        313.4786344620682        313.47863445831695       313.4786344591958        313.4786344583788        313.47863445874674       313.47863445851635       313.47863445863874       313.47863445856916
0.04603743803265481       0.032371303454837026     350.00000000067536       310.533099144041         310.53309911585785       310.5330991144583        310.53309911062723       310.53309911152473       310.5330991106903        310.5330991110663        310.53309911083085       310.5330991109558        310.53309911088473
0.049676875009657846      0.026889801061706024     349.99999999764754       307.32340845995583       307.32340843154776       307.32340843013714       307.32340842627576       307.32340842718037       307.3234084263391        307.32340842671823       307.3234084264809        307.32340842660665       307.323408426535
0.05322633585069975       0.02154912817218281      349.99999998117687       303.91466007110006       303.9146600428308        303.9146600414271        303.9146600375845        303.9146600384848        303.9146600376475        303.91466003802475       303.91466003778856       303.91466003791373       303.91466003784257
0.05666510902223704       0.016181278811188218     349.9999999280407        300.38430342100986       300.3843033932108        300.38430339183043       300.38430338805193       300.3843033889371        300.38430338811344       300.38430338848457       300.38430338825236       300.3843033883754        300.38430338830534
0.06665561310099999       0.010763779883013505     349.9999940176371        287.906011432742         287.9060114081197        287.90601140689705       287.90601140355034       287.9060114043345        287.9060114036045        287.9060114039334        287.90601140372786       287.90601140383666       287.9060114037747
0.06332556952116494       0.016239357967796075     349.99999870968196       291.3359261540968        291.33592612812936       291.33592612683987       291.33592612331034       291.3359261241373        291.3359261233677        291.33592612371444       291.3359261234976        291.33592612361235       291.33592612354687
0.07334295416604925       0.010670759802314394     349.9998976982119        279.59939672694685       279.5993967058268        279.59939670477803       279.5993967019073        279.5993967025799        279.59939670195376       279.59939670223577       279.59939670205955       279.5993967021531        279.5993967020998
0.0263289004723573        0.06899226805959605      349.9969600913032        316.0084160732245        316.00841605234785       316.00841605131114       316.0084160484732        316.0084160491379        316.00841604852          316.00841604879855       316.00841604862444       316.0084160487167        316.0084160486642
0.029418061177584005      0.06342600810226019      350.0001109471646        316.00718599228964       316.00718596964765       316.00718596852334       316.00718596544533       316.0071859661661        316.0071859654959        316.00718596579804       316.00718596560915       316.0071859657094        316.00718596565235
0.03267593682632366       0.058191090836321534     350.0000271710497        314.9095466941458        314.90954666987204       314.9095466686667        314.9095466653668        314.90954666613965       314.9095466654212        314.9095466657449        314.9095466655424        314.90954666565          314.90954666558883
0.036911372700644714      0.05279187568536229      350.00000308728363       311.9108654663186        311.91086544030486       311.91086543901315       311.91086543547675       311.91086543630513       311.9108654355351        311.910865435882         311.910865435665         311.9108654357803        311.9108654357147
0.04027429336513778       0.047133283690149574     350.00000028533265       310.69155674912423       310.6915567220531        310.691556720709         310.6915567170291        310.69155671789116       310.69155671708967       310.69155671745057       310.69155671722456       310.69155671734467       310.69155671727634
0.04380919655327842       0.04269639949526643      350.000000021933         308.0104453215985        308.0104452937422        308.01044529235907       308.01044528857256       308.01044528945954       308.01044528863486       308.0104452890062        308.0104452887736        308.01044528889724       308.0104452888268
0.04857096111663666       0.03778304471673754      350.0000000009424        303.654105518564         303.6541054901945        303.6541054887858        303.6541054849295        303.654105485833         303.65410548499295       303.6541054853713        303.6541054851345        303.65410548526023       303.6541054851886
0.05256411096159303       0.03232837697339843      349.99999999260496       300.6749186028923        300.6749185745794        300.6749185731733        300.6749185693247        300.67491857022645       300.6749185693879        300.6749185697656        300.6749185695294        300.67491856965466       300.67491856958327
0.0566796706086424        0.02701394604000939      349.99999993411296       297.15926042796997       297.1592604001819        297.1592603988019        297.1592603950246        297.1592603959097        297.1592603950866        297.1592603954575        297.15926039522554       297.15926039534844       297.15926039527835
0.0600940615946878        0.021735248656810605     349.99999958154194       294.27803287757524       294.27803285057513       294.27803284923425       294.27803284556427       294.2780328464242        294.27803284562424       294.2780328459847        294.2780328457593        294.27803284587867       294.2780328458106
0.066734967341098         0.021716489590036667     349.99999187275716       285.6987567344758        285.6987567098949        285.6987567086742        285.698756705333         285.69875670611583       285.69875670538744       285.69875670571577       285.69875670551045       285.69875670561913       285.69875670555706
0.069976161950691         0.01610873711991972      349.99997584217675       282.92954394908435       282.92954392607663       282.9295439249341        282.9295439218068        282.9295439225395        282.9295439218576        282.92954392216484       282.92954392197277       282.9295439220745        282.9295439220164
0.08002122606005506       0.010617227678145436     349.9989839804983        271.75591695715974       271.75591694046506       271.75591693963605       271.75591693736675       271.7559169378986        271.7559169374036        271.7559169376264        271.75591693748714       271.7559169375611        271.7559169375191
0.0766417914523082        0.015878981157997445     349.99947943327885       275.04219221212014       275.0421921930833        275.042192192138         275.04219218955035       275.04219219015664       275.0421921895923        275.0421921898465        275.0421921896877        275.04219218977187       275.04219218972383
0.08664871694332847       0.010066847307459256     350.01471680794265       264.3584538345431        264.35845382296475       264.35845382238966       264.3584538208159        264.3584538211847        264.35845382084136       264.358453820996         264.35845382089934       264.3584538209506        264.3584538209214
0.03303144357442669       0.06902148212421168      349.99697133574904       300.3351892968658        300.335189272435         300.3351892712222        300.33518926790106       300.3351892686788        300.3351892679555        300.33518926828134       300.3351892680778        300.33518926818573       300.3351892681244
0.03633442213911126       0.06360430227630579      350.000098014789         300.9932498017301        300.9932497759341        300.9932497746532        300.9932497711465        300.9932497719676        300.9932497712039        300.99324977154805       300.99324977133296       300.9932497714472        300.99324977138235
0.03985852518657305       0.05822378537237335      350.0000245908249        300.7731815053085        300.77318147836104       300.773181477023         300.7731814733598        300.7731814742178        300.7731814734199        300.77318147377923       300.7731814735546        300.77318147367396       300.77318147360614
0.04342763760784347       0.052822574387625755     350.00000269292167       300.1680150825298        300.1680150547513        300.168015053372         300.16801504959585       300.16801505048034       300.1680150496579        300.16801505002826       300.16801504979645       300.1680150499197        300.16801504984966
0.04693913569158184       0.047637606769328815     350.00000022464286       299.12793893741724       299.12793890916106       299.12793890775805       299.12793890391714       299.1279389048168        299.12793890398024       299.127938904357         299.1279389041211        299.1279389042465        299.1279389041752
0.0508782017523872        0.042725465726395045     350.00000001301356       296.92709052215355       296.92709049377066       296.92709049236123       296.92709048850315       296.9270904894069        296.92709048856653       296.92709048894494       296.9270904887081        296.9270904888339        296.92709048876236
0.05526635871421401       0.03753324126334204      349.9999999827898        294.0409615817509        294.0409615537381        294.04096155234697       294.0409615485392        294.04096154943136       294.04096154860173       294.0409615489753        294.0409615487417        294.0409615488657        294.040961548795
0.05910382022988154       0.03261148080542741      349.99999993207297       291.4718156364404        291.4718156091877        291.4718156078343        291.4718156041299        291.4718156049978        291.47181560419045       291.47181560455414       291.4718156043268        291.4718156044474        291.47181560437866
0.06379994566090905       0.027979473218216776     349.9999985608465        287.3830458720037        287.38304584621966       287.38304584493926       287.3830458414345        287.3830458422556        287.38304584149176       287.383045841836         287.3830458416208        287.3830458417349        287.3830458416697
0.06341898328852205       0.032904897490056095     349.9999998425448        285.8046165202068        285.8046164942863        285.804616492999         285.8046164894758        285.8046164903012        285.8046164895334        285.8046164898793        285.8046164896631        285.8046164897778        285.8046164897123
0.07025480368215946       0.02685216569523266      349.99995873892317       279.9543547648732        279.954354742019         279.9543547408841        279.9543547377776        279.9543547385054        279.9543547378282        279.95435473813336       279.95435473794265       279.9543547380436        279.95435473798585
0.07315607612252556       0.021383054318360267     349.99988980849093       278.0604673284292        278.06046730720294       278.06046730614884       278.0604673032637        278.0604673039397        278.0604673033104        278.06046730359407       278.06046730341683       278.0604673035107        278.060467303457
0.07882243526877397       0.020861496723594074     349.99915980572285       271.7588658501119        271.7588658325665        271.75886583169523       271.7588658293105        271.7588658298692        271.7588658293491        271.7588658295834        271.758865829437         271.75886582951455       271.75886582947027
0.08350189951050928       0.01663188831435588      349.9912816843725        267.26038613089287       267.26038611681037       267.26038611611096       267.26038611419676       267.2603861146453        267.26038611422786       267.2603861144159        267.2603861142984        267.2603861143607        267.2603861143252
0.08964212629926085       0.014960539819859404     349.9966752875858        260.8184057128316        260.81840570374345       260.8184057032921        260.8184057020568        260.8184057023463        260.81840570207686       260.81840570219816       260.81840570212233       260.8184057021625        260.81840570213956
0.039841545709640554      0.06910130206238659      349.997008806554         286.32163060165516       286.32163057471877       286.3216305733815        286.32163056971973       286.32163057057727       286.32163056977976       286.321630570139         286.3216305699145        286.3216305700336        286.3216305699659
0.04318102036011967       0.06366214516028139      350.0000928278119        288.06688785175146       288.0668878240272        288.0668878226508        288.0668878188821        288.06688781976453       288.06688781894377       288.0668878193134        288.0668878190823        288.0668878192051        288.0668878191354
0.04664242569704413       0.05827697310325864      350.0000243720708        288.9987425048292        288.99874247660915       288.9987424752081        288.99874247137194       288.9987424722703        288.9987424714349        288.9987424718111        288.9987424715759        288.99874247170084       288.99874247162967
0.04994019257039563       0.05287327596851717      350.0000026407658        289.69442179936226       289.694421770979         289.6944217695696        289.69442176571147       289.6944217666151        289.69442176577473       289.6944217661531        289.6944217659164        289.6944217660421        289.6944217659706
0.05330530863897881       0.047574913609895214     350.00000024024706       289.6521931887323        289.6521931604959        289.6521931590937        289.6521931552556        289.6521931561546        289.65219315531834       289.65219315569493       289.6521931554594        289.6521931555845        289.6521931555133
0.057378252522721794      0.04312763388077962      349.9999999864076        287.54893509110343       287.5489350634676        287.54893506209515       287.54893505833866       287.54893505921865       287.5489350584002        287.5489350587688        287.54893505853823       287.5489350586607        287.548935058591
0.0628522893933652        0.0381404550573845       349.9999995573525        283.8076377016498        283.8076376755317        283.8076376742346        283.8076376706844        283.80763767151615       283.8076376707426        283.807637671091         283.8076376708732        283.80763767098875       283.8076376709228
0.06796223981185023       0.03335954303691563      349.99999275614783       280.15994982537046       280.1599498013663        280.1599498001742        280.1599497969114        280.1599497976758        280.1599497969646        280.159949797285         280.15994979708483       280.159949797191         280.15994979713037
0.07343998808272678       0.03152853267327515      349.9999317931774        274.78213250404224       274.78213248299215       274.7821324819468        274.78213247908553       274.78213247975583       274.78213247913214       274.7821324794132        274.78213247923753       274.7821324793305        274.7821324792773
0.07737732456904756       0.026852954122253567     349.99905140847034       272.00489419015906       272.0048941716205        272.00489417069997       272.0048941681801        272.0048941687705        272.004894168221         272.0048941684685        272.0048941683139        272.0048941683958        272.0048941683489
0.08359439833594222       0.02361317804641989      349.99156319916625       266.17193145921175       266.1719314452036        266.1719314445079        266.1719314426039        266.17193144305          266.17193144263484       266.1719314428219        266.171931442705         266.1719314427669        266.17193144273165
0.08914260221389635       0.02042494746701567      349.97180720519344       260.89336701070096       260.8933670011924        260.89336700072016       260.89336699942777       260.89336699973063       260.89336699944874       260.8933669995758        260.8933669994963        260.8933669995384        260.8933669995144
0.046649802276339025      0.06918436369710575      349.9970714686079        274.1791787715725        274.17917874335853       274.17917874195786       274.1791787381224        274.17917873902053       274.1791787381853        274.17917873856146       274.17917873832636       274.1791787384512        274.17917873838013
0.05005703253709924       0.0637976726449292       350.00008935377195       276.71985962631385       276.7198595979391        276.7198595965303        276.7198595926731        276.7198595935763        276.7198595927362        276.71985959311456       276.7198595928781        276.7198595930037        276.7198595929322
0.0534609298759022        0.05843471738716358      350.0000228395001        278.59907651416626       278.5990764859542        278.59907648455334       278.59907648071834       278.59907648161646       278.59907648078115       278.5990764811573        278.5990764809221        278.59907648104695       278.59907648097595
0.05666140364775164       0.05298053271512847      350.0000024950566        280.18015030205675       280.18015027429084       280.18015027291204       280.18015026913776       280.1801502700218        280.1801502691996        280.1801502695699        280.1801502693383        280.1801502694612        280.1801502693913
0.05870223198298022       0.047922637698527615     350.00000020283176       282.1502787722493        282.15027874491307       282.1502787435555        282.1502787398396        282.15027874071006       282.1502787399005        282.1502787402651        282.15027874003704       282.15027874015806       282.1502787400892
0.06326512465440534       0.04486908992913333      349.9999997859442        278.9908244965687        278.99082447060385       278.9908244693143        278.9908244657849        278.9908244666117        278.99082446584265       278.99082446618905       278.99082446597254       278.9908244660874        278.99082446602193
0.0681881583916076        0.04055159637059484      349.99999523367245       276.26323596464005       276.26323594075075       276.26323593956437       276.2632359363172        276.2632359370778        276.26323593637017       276.263235936689         276.26323593648976       276.2632359365955        276.2632359365352
0.07330738573368056       0.037110962503536384     349.9999320479964        272.646096141558         272.64609612043296       272.6460961193838        272.64609611651235       272.646096117185         272.64609611655914       272.6460961168412        272.646096116665         272.6460961167584        272.6460961167049
0.07829818661689608       0.033467038008437505     349.99915400284175       269.0793202954782        269.07932027757437       269.0793202766852        269.07932027425164       269.0793202748218        269.0793202742912        269.0793202745303        269.0793202743808        269.0793202744599        269.07932027441467
0.08354937244034988       0.03004604465660083      349.99162787272076       264.9300471536644        264.93004713962415       264.9300471389269        264.93004713701845       264.93004713746546       264.9300471370495        264.9300471372369        264.93004713711974       264.9300471371819        264.9300471371464
0.08908236389141579       0.026838135299109223     349.9709191008055        260.2025435863132        260.2025435767557        260.20254357628096       260.20254357498203       260.20254357528637       260.20254357500306       260.2025435751306        260.2025435750509        260.20254357509316       260.2025435750691
0.05327790480820386       0.06911052836705084      349.9969849729609        264.3428391302169        264.34283910199423       264.342839100593         264.34283909675645       264.3428390976547        264.3428390968193        264.34283909719557       264.34283909696023       264.34283909708523       264.3428390970143
0.05667232905236504       0.0636201741339417       350.0000980913444        267.8500972476695        267.8500972199136        267.85009721853544       267.85009721476246       267.850097215646         267.85009721482425       267.8500972151944        267.8500972149629        267.8500972150858        267.850097215016
0.06008855745352531       0.05786970681902778      350.0000265334527        270.8099062481562        270.80990622118765       270.80990621984864       270.80990621618275       270.80990621704126       270.8099062162427        270.8099062166024        270.80990621637744       270.8099062164968        270.80990621642883
0.06317721804455727       0.05156346545824447      350.00000277269197       273.67793370337046       273.67793367738          273.67793367608937       273.67793367255643       273.6779336733839        273.6779336726142        273.67793367296093       273.67793367274413       273.6779336728592        273.6779336727937
0.06841743628062216       0.04713369335551308      349.9999955916937        271.7396017438775        271.739601720105         271.73960171892446       271.739601715693         271.73960171644995       271.7396017157458        271.73960171606313       271.73960171586486       271.73960171596997       271.73960171590994
0.07344357023279441       0.04371136254023722      349.99993621376365       269.09738563268087       269.0973856116421        269.0973856105973        269.09738560773764       269.0973856084075        269.09738560778436       269.0973856080652        269.09738560788975       269.09738560798274       269.09738560792954
0.0785977545047349        0.04021147571214541      349.99922338315645       266.190028215494         266.190028197803         266.1900281969243        266.19002819451975       266.190028195083         266.19002819455903       266.19002819479516       266.1900281946476        266.1900281947258        266.19002819468113
0.08379071963302569       0.03676258278893712      349.9917665915957        262.91772287710705       262.9177228632579        262.91772286257          262.91772286068766       262.9177228611286        262.91772286071824       262.9177228609032        262.9177228607877        262.91772286084876       262.91772286081374
0.08912854336056285       0.033405596256796684     349.9714042567868        259.11200801276686       259.11200800325054       259.1120080027778        259.1120080014844        259.1120080017874        259.11200800150544       259.11200800163243       259.112008001553         259.1120080015951        259.112008001571
0.05986833957181995       0.0690162876268434       349.9969390284113        256.29794594857157       256.29794592154917       256.2979459202075        256.2979459165343        256.2979459173944        256.2979459165944        256.2979459169547        256.2979459167293        256.2979459168491        256.297945916781
0.06316235268677202       0.06344078838857084      350.0001065957602        260.714738531572         260.71473850558465       260.7147385042944        260.71473850076194       260.7147385015891        260.7147385008197        260.7147385011663        260.7147385009495        260.7147385010646        260.71473850099915
0.06633112546192574       0.057720604870006575     350.0000236037209        264.3671282960026        264.367128271273         264.367128270045         264.3671282666835        264.36712826747083       264.3671282667385        264.3671282670684        264.36712826686215       264.36712826697163       264.3671282669092
0.06902055543270048       0.05272202257534162      349.9999980396499        266.68594311715236       266.68594309368257       266.68594309251705       266.6859430893269        266.68594309007415       266.68594308937907       266.6859430896922        266.68594308949656       266.6859430896004        266.6859430895411
0.07396279941761567       0.050403727944002254     349.999946070416         264.24249256545085       264.24249254473085       264.24249254370187       264.2424925408855        264.24249254154523       264.2424925409316        264.24249254120815       264.24249254103535       264.2424925411271        264.2424925410747
0.07879654675593663       0.04681187829592672      349.99923905791326       262.73802732107293       262.7380273035251        262.7380273026536        262.7380273002686        262.73802730082724       262.7380273003075        262.7380273005417        262.73802730039534       262.73802730047305       262.73802730042866
0.08395282850019788       0.043406976432513865     349.991760041993         260.4781211849509        260.4781211712315        260.4781211705501        260.4781211686854        260.47812116912206       260.47812116871586       260.47812116889895       260.4781211687845        260.4781211688451        260.47812116881045
0.08922697974764342       0.04004397779616946      349.96807037387447       257.63158277728513       257.6315827678539        257.6315827673854        257.6315827661036        257.6315827664039        257.6315827661246        257.63158276625046       257.6315827661717        257.63158276621334       257.63158276618947
0.06647468933387096       0.06894833064275495      349.99688755875655       249.94779454470617       249.9477945200458        249.94779451882144       249.94779451546927       249.94779451625428       249.94779451552412       249.94779451585313       249.9477945156473        249.94779451575656       249.94779451569454
0.06972388725258315       0.06327061395423693      350.00008715731184       255.09122012984247       255.0912201067379        255.09122010559076       255.0912201024502        255.09122010318563       255.09122010250147       255.09122010280979       255.0912201026171        255.0912201027193        255.09122010266108
0.07327592027091201       0.05707795863786662      349.9999359908592        259.18277396004186       259.1827739389125        259.1827739378632        259.1827739349911        259.182773935664         259.18277393503814       259.18277393532003       259.18277393514387       259.18277393523744       259.1827739351841
0.07880464994873346       0.05318304173155806      349.99920098799817       258.6784218236648        258.6784218061264        258.67842180525537       258.6784218028715        258.67842180343          258.6784218029107        258.67842180314466       258.6784218029984        258.6784218030761        258.67842180303165
0.08401767793154338       0.04995468541510352      349.99159495657454       257.4863912456977        257.4863912320321        257.4863912313535        257.4863912294961        257.48639122993114       257.48639122952653       257.4863912297088        257.48639122959486       257.48639122965534       257.4863912296208
0.08929983783388458       0.04666699295311345      349.96407442978995       255.75498188679674       255.75498187742892       255.75498187696374       255.75498187569056       255.75498187598882       255.75498187571148       255.75498187583642       255.75498187575826       255.75498187579976       255.754981875776
0.07302085167599666       0.06894408361396613      349.9967365676462        245.40814211839532       245.40814209712042       245.40814209606415       245.4081420931722        245.40814209384953       245.40814209321954       245.40814209350341       245.40814209332595       245.40814209342008       245.4081420933666
0.07620177778058942       0.06340071897851528      349.9996413783503        250.8432120401042        250.84321202080648       250.84321201984815       250.84321201722506       250.84321201783948       250.84321201726792       250.8432120175255        250.84321201736455       250.84321201744993       250.84321201740133
0.07908894656209586       0.05869471520988532      349.9991862973534        254.13141425955624       254.13141424222076       254.13141424135992       254.1314142390035        254.13141423955548       254.13141423904216       254.1314142392735        254.13141423912893       254.1314142392057        254.13141423916196
0.0840456488384257        0.05648934641651665      349.9912460167474        253.63821656788153       253.63821655424059       253.63821655356318       253.63821655170906       253.63821655214338       253.63821655173953       253.6382165519215        253.63821655180777       253.63821655186823       253.63821655183366
0.08933374142120211       0.05328100468033864      349.9601827753955        253.33638039124617       253.33638038190904       253.33638038144542       253.33638038017634       253.33638038047363       253.33638038019714       253.33638038032169       253.3363803802438        253.3363803802852        253.33638038026155
0.07941064992166723       0.0690436384058707       349.99523985238096       242.79072755471876       242.7907275376152        242.79072753676596       242.79072753444106       242.79072753498568       242.79072753447917       242.79072753470737       242.7907275345647        242.79072753464038       242.7907275345974
0.08323229783306199       0.06338628564788416      349.9898865438704        248.39281861328297       248.392818599013         248.39281859830447       248.3928185963648        248.39281859681913       248.39281859639647       248.39281859658692       248.39281859646786       248.39281859653104       248.3928185964951
0.08930980655507476       0.05995396886264278      349.95147122458656       250.07553536519012       250.07553535583466       250.07553535537014       250.07553535409852       250.0755353543963        250.07553535411935       250.07553535424418       250.07553535416625       250.07553535420766       250.07553535418398
0.08483108278410757       0.06952548339947143      349.9858597402085        241.81924383209943       241.81924381908078       241.81924381843433       241.8192438166647        241.8192438170792        241.8192438166937        241.8192438168674        241.81924381675884       241.8192438168165        241.81924381678377
0.08973817238947332       0.06659612826228704      349.9321787312047        245.60583943396253       245.60583942497007       245.60583942452357       245.6058394233012        245.60583942358747       245.6058394233212        245.6058394234412        245.60583942336623       245.60583942340608       245.60583942338346
